#BVGraph properties
#Sat Jul 27 00:16:26 CEST 2024
arcs=45260
avgbitsforblocks=0.019
avgbitsforintervals=0.655
avgbitsforoutdegrees=2.805
avgbitsforreferences=0.67
avgbitsforresiduals=27.881
avgdist=0.014
avgref=0.003
bitsforblocks=566
bitsforintervals=19964
bitsforoutdegrees=85444
bitsforreferences=20400
bitsforresiduals=849196
bitsperlink=21.555
bitspernode=32.03
compratio=1.367
compressionflags=
copiedarcs=99
graphclass=it.unimi.dsi.webgraph.BVGraph
intervalisedarcs=0
maxrefcount=3
minintervallength=4
nodes=30458
residualarcs=45161
residualavggap=14406.002
residualavgloggap=12.929164879960219
residualexpstats=10,20,91,82,38,67,279,387,840,1742,2955,5451,9142,10966,8415,4676
successoravggap=14400.267
successoravgloggap=12.928675228102122
successorexpstats=10,20,90,82,38,67,280,387,842,1748,2967,5461,9169,10991,8423,4685
version=0
windowsize=7
zetak=3
