#BVGraph properties
#Sat Jul 27 11:03:47 CEST 2024
arcs=45260
avgbitsforblocks=0.018
avgbitsforintervals=0.629
avgbitsforoutdegrees=2.758
avgbitsforreferences=0.642
avgbitsforresiduals=27.766
avgdist=0.012
avgref=0.003
bitsforblocks=563
bitsforintervals=19158
bitsforoutdegrees=83996
bitsforreferences=19539
bitsforresiduals=845710
bitsperlink=21.409
bitspernode=31.813
compratio=1.358
compressionflags=
copiedarcs=90
graphclass=it.unimi.dsi.webgraph.BVGraph
intervalisedarcs=0
maxrefcount=3
minintervallength=4
nodes=30458
residualarcs=45170
residualavggap=14034.070
residualavgloggap=12.8688298587208
residualexpstats=9,21,97,88,26,82,394,417,840,1703,2984,5860,9337,10741,8042,4529
successoravggap=14026.138
successoravgloggap=12.867826562507034
successorexpstats=9,21,98,88,26,82,394,418,842,1707,2992,5875,9368,10758,8046,4536
version=0
windowsize=7
zetak=3
