#BVGraph properties
#Fri Nov 19 01:51:37 CET 2010
compratio=0.142
bitsforblocks=804951
residualarcs=541032
version=0
zetak=3
residualexpstats=100491,84398,50139,43134,49959,46118,27671,18930,14537,11916,10850,9348,7438,5210,2815,1078,1990,3101,2414,560
avgref=1.405
residualavggap=5075.452
avgbitsforoutdegrees=4.254
windowsize=7
bitsforintervals=655678
copiedarcs=2054948
avgbitsforblocks=2.473
bitsperlink=2.343
bitsforresiduals=3839499
bitsforreferences=849734
avgdist=1.61
successoravgloggap=2.0091557973334147
avgbitsforreferences=2.61
successoravggap=1021.639
maxrefcount=3
successorexpstats=2397257,180185,104571,97134,101425,86303,56050,37444,28910,26883,23821,15177,10972,7260,4508,1418,2727,4115,2959,690
nodes=325557
compressionflags=
intervalisedarcs=620172
bitspernode=23.145
arcs=3216152
bitsforoutdegrees=1385035
avgbitsforintervals=2.014
minintervallength=4
graphclass=it.unimi.dsi.webgraph.BVGraph
avgbitsforresiduals=11.794
residualavgloggap=4.446866464131592
